#!/bin/sh

#1 – Red
#2 – Green
#3 – Yellow
#4 – Blue
#5 – Magenta
#6 – Cyan
#7 – White

export TERM=xterm-256color
printf '\e[48;2;0;0;0m \e[48;2;0;0;0m \e[48;2;0;0;0m \e[48;2;0;0;0m \e[48;2;0;0;0m \e[48;2;0;0;0m \e[48;2;0;0;0m \e[48;2;0;0;0m \e[48;2;0;0;0m \e[48;2;0;0;0m \e[48;2;0;0;0m \e[48;2;0;0;0m \e[48;2;0;0;0m \e[48;2;0;0;0m \e[48;2;0;0;0m \e[48;2;0;0;0m \e[48;2;0;0;0m \e[48;2;0;0;0m \e[48;2;0;0;0m \e[48;2;0;0;0m \e[48;2;0;0;0m \e[48;2;0;0;0m \e[48;2;0;0;0m \e[48;2;0;0;0m \e[48;2;0;0;0m \e[48;2;0;0;0m \e[48;2;0;0;0m \e[48;2;0;0;0m \e[48;2;0;0;0m \e[48;2;0;0;0m \e[48;2;0;0;0m \e[48;2;0;0;0m \e[48;2;0;0;0m \e[48;2;0;0;0m \e[48;2;0;0;0m \e[48;2;0;0;0m \e[48;2;0;0;0m \e[48;2;0;0;0m \e[48;2;0;0;0m \e[48;2;0;0;0m \e[48;2;0;0;0m \e[48;2;0;0;0m \e[48;2;0;0;0m \e[48;2;0;0;0m \e[48;2;0;0;0m \e[48;2;0;0;0m \e[48;2;0;0;0m \e[48;2;0;0;0m \e[48;2;0;0;0m \e[48;2;0;0;0m \e[48;2;0;0;0m \e[48;2;0;0;0m \e[48;2;0;0;0m \e[48;2;0;0;0m \e[48;2;0;0;0m \e[48;2;0;0;0m \e[48;2;0;0;0m \e[48;2;0;0;0m \e[48;2;0;0;0m \e[48;2;0;0;0m \e[48;2;0;0;0m \e[48;2;0;0;0m \e[48;2;0;0;0m \e[48;2;0;0;0m \e[48;2;0;0;0m \e[48;2;0;0;0m \e[48;2;0;0;0m \e[48;2;0;0;0m \e[48;2;0;0;0m \e[48;2;0;0;0m \e[48;2;0;0;0m \e[48;2;0;0;0m \e[48;2;0;0;0m \e[48;2;0;0;0m \e[48;2;0;0;0m \e[48;2;0;0;0m \e[48;2;0;0;0m \e[48;2;0;0;0m \e[48;2;0;0;0m \e[48;2;0;0;0m \e[0m
\e[48;2;0;0;0m \e[48;2;0;0;0m \e[48;2;0;0;0m \e[48;2;0;0;0m \e[48;2;0;0;0m \e[48;2;0;0;0m \e[48;2;0;0;0m \e[48;2;0;0;0m \e[48;2;0;0;0m \e[48;2;0;0;0m\e[38;2;144;210;42m▄\e[48;2;0;0;0m\e[38;2;144;218;40m▄\e[48;2;0;0;0m\e[38;2;144;218;39m▄\e[48;2;0;0;0m\e[38;2;144;219;39m▄\e[48;2;0;0;0m\e[38;2;143;218;38m▄\e[48;2;0;0;0m\e[38;2;144;218;38m▄\e[48;2;0;0;0m\e[38;2;144;218;38m▄\e[48;2;0;0;0m\e[38;2;144;218;38m▄\e[48;2;0;0;0m\e[38;2;144;218;38m▄\e[48;2;0;0;0m\e[38;2;144;218;38m▄\e[48;2;0;0;0m\e[38;2;144;218;38m▄\e[48;2;0;0;0m\e[38;2;144;218;38m▄\e[48;2;0;0;0m\e[38;2;143;217;38m▄\e[48;2;0;0;0m\e[38;2;140;216;40m▄\e[48;2;0;0;0m\e[38;2;80;112;32m▄\e[48;2;0;0;0m \e[48;2;0;0;0m \e[48;2;0;0;0m \e[48;2;0;0;0m \e[48;2;0;0;0m \e[48;2;0;0;0m \e[48;2;0;0;0m \e[48;2;0;0;0m \e[48;2;0;0;0m \e[48;2;0;0;0m \e[48;2;0;0;0m \e[48;2;0;0;0m \e[48;2;0;0;0m \e[48;2;0;0;0m \e[48;2;0;0;0m \e[48;2;0;0;0m \e[48;2;0;0;0m \e[48;2;0;0;0m \e[48;2;0;0;0m \e[48;2;0;0;0m \e[48;2;0;0;0m \e[48;2;0;0;0m \e[48;2;0;0;0m \e[48;2;0;0;0m \e[48;2;0;0;0m \e[48;2;0;0;0m \e[48;2;0;0;0m \e[48;2;0;0;0m \e[48;2;0;0;0m \e[48;2;0;0;0m \e[48;2;0;0;0m \e[48;2;0;0;0m \e[48;2;0;0;0m \e[48;2;0;0;0m \e[48;2;0;0;0m \e[48;2;0;0;0m \e[48;2;0;0;0m \e[48;2;0;0;0m \e[48;2;0;0;0m \e[48;2;0;0;0m \e[48;2;0;0;0m \e[48;2;0;0;0m \e[48;2;0;0;0m \e[48;2;0;0;0m \e[48;2;0;0;0m \e[48;2;0;0;0m \e[48;2;0;0;0m \e[48;2;0;0;0m \e[48;2;0;0;0m \e[48;2;0;0;0m \e[48;2;0;0;0m \e[48;2;0;0;0m \e[48;2;0;0;0m \e[48;2;0;0;0m \e[48;2;0;0;0m \e[48;2;0;0;0m \e[0m
\e[48;2;0;0;0m \e[48;2;0;0;0m \e[48;2;0;0;0m \e[48;2;0;0;0m \e[48;2;0;0;0m \e[48;2;0;0;0m\e[38;2;23;46;6m▄\e[48;2;0;0;0m\e[38;2;98;147;35m▄\e[48;2;0;0;0m\e[38;2;145;219;50m▄\e[48;2;11;33;0m\e[38;2;148;227;44m▄\e[48;2;144;210;50m\e[38;2;33;62;2m▄\e[48;2;144;217;44m\e[38;2;0;30;0m▄\e[48;2;144;220;40m\e[38;2;0;0;0m▄\e[48;2;143;219;37m\e[38;2;54;83;13m▄\e[48;2;143;219;37m\e[38;2;116;172;40m▄\e[48;2;142;218;39m\e[38;2;145;221;41m▄\e[48;2;141;218;38m\e[38;2;145;218;39m▄\e[48;2;143;218;39m\e[38;2;142;218;39m▄\e[48;2;143;218;39m \e[48;2;143;218;39m \e[48;2;143;218;39m \e[48;2;143;218;39m \e[48;2;144;217;39m \e[48;2;142;216;40m\e[38;2;142;217;40m▄\e[48;2;80;112;32m \e[48;2;0;0;0m \e[48;2;0;0;0m \e[48;2;0;0;0m\e[38;2;37;37;37m▄\e[48;2;0;0;0m\e[38;2;149;149;149m▄\e[48;2;0;0;0m\e[38;2;149;149;149m▄\e[48;2;0;0;0m\e[38;2;149;149;149m▄\e[48;2;0;0;0m\e[38;2;149;149;149m▄\e[48;2;0;0;0m\e[38;2;149;149;149m▄\e[48;2;0;0;0m\e[38;2;142;142;142m▄\e[48;2;0;0;0m\e[38;2;94;94;94m▄\e[48;2;0;0;0m \e[48;2;0;0;0m \e[48;2;0;0;0m\e[38;2;36;36;36m▄\e[48;2;0;0;0m\e[38;2;149;149;149m▄\e[48;2;0;0;0m\e[38;2;149;149;149m▄\e[48;2;0;0;0m\e[38;2;156;156;156m▄\e[48;2;0;0;0m \e[48;2;0;0;0m \e[48;2;0;0;0m \e[48;2;0;0;0m \e[48;2;0;0;0m\e[38;2;153;153;153m▄\e[48;2;0;0;0m\e[38;2;149;149;149m▄\e[48;2;0;0;0m\e[38;2;149;149;149m▄\e[48;2;0;0;0m \e[48;2;0;0;0m\e[38;2;149;149;149m▄\e[48;2;0;0;0m\e[38;2;149;149;149m▄\e[48;2;0;0;0m\e[38;2;156;156;156m▄\e[48;2;0;0;0m \e[48;2;0;0;0m\e[38;2;81;81;81m▄\e[48;2;0;0;0m\e[38;2;149;149;149m▄\e[48;2;0;0;0m\e[38;2;149;149;149m▄\e[48;2;0;0;0m\e[38;2;149;149;149m▄\e[48;2;0;0;0m\e[38;2;149;149;149m▄\e[48;2;0;0;0m\e[38;2;120;120;120m▄\e[48;2;0;0;0m\e[38;2;89;89;89m▄\e[48;2;0;0;0m \e[48;2;0;0;0m \e[48;2;0;0;0m \e[48;2;0;0;0m \e[48;2;0;0;0m\e[38;2;149;149;149m▄\e[48;2;0;0;0m\e[38;2;149;149;149m▄\e[48;2;0;0;0m\e[38;2;153;153;153m▄\e[48;2;0;0;0m \e[48;2;0;0;0m \e[48;2;0;0;0m \e[48;2;0;0;0m \e[48;2;0;0;0m\e[38;2;60;60;60m▄\e[48;2;0;0;0m\e[38;2;149;149;149m▄\e[48;2;0;0;0m\e[38;2;149;149;149m▄\e[48;2;0;0;0m\e[38;2;149;149;149m▄\e[48;2;0;0;0m\e[38;2;106;106;106m▄\e[48;2;0;0;0m \e[48;2;0;0;0m \e[48;2;0;0;0m \e[48;2;0;0;0m \e[48;2;0;0;0m \e[0m
\e[48;2;0;0;0m \e[48;2;0;0;0m \e[48;2;0;0;0m\e[38;2;49;84;16m▄\e[48;2;0;0;0m\e[38;2;145;223;41m▄\e[48;2;121;175;47m\e[38;2;149;225;48m▄\e[48;2;146;222;42m\e[38;2;28;51;6m▄\e[48;2;118;174;44m\e[38;2;0;0;0m▄\e[48;2;69;110;22m\e[38;2;36;62;5m▄\e[48;2;0;0;0m\e[38;2;132;190;50m▄\e[48;2;144;210;48m\e[38;2;51;84;3m▄\e[48;2;143;220;38m\e[38;2;73;109;18m▄\e[48;2;142;211;44m\e[38;2;81;123;28m▄\e[48;2;106;155;40m\e[38;2;143;220;42m▄\e[48;2;0;0;0m\e[38;2;151;223;47m▄\e[48;2;31;62;6m\e[38;2;41;67;7m▄\e[48;2;138;203;47m\e[38;2;0;0;0m▄\e[48;2;143;218;40m\e[38;2;95;138;30m▄\e[48;2;143;218;39m\e[38;2;143;218;38m▄\e[48;2;143;218;39m\e[38;2;144;219;37m▄\e[48;2;143;218;39m \e[48;2;143;218;39m \e[48;2;144;217;39m \e[48;2;142;217;40m \e[48;2;80;112;32m \e[48;2;0;0;0m \e[48;2;0;0;0m \e[48;2;61;61;61m \e[48;2;255;255;255m \e[48;2;255;255;255m \e[48;2;254;254;254m \e[48;2;254;254;254m \e[48;2;254;254;254m\e[38;2;255;255;255m▄\e[48;2;253;253;253m \e[48;2;254;254;254m\e[38;2;253;253;253m▄\e[48;2;248;248;248m\e[38;2;253;253;253m▄\e[48;2;105;105;105m\e[38;2;254;254;254m▄\e[48;2;0;0;0m \e[48;2;247;247;247m\e[38;2;163;163;163m▄\e[48;2;254;254;254m\e[38;2;255;255;255m▄\e[48;2;254;254;254m \e[48;2;0;0;0m\e[38;2;88;88;88m▄\e[48;2;0;0;0m \e[48;2;0;0;0m \e[48;2;0;0;0m\e[38;2;50;50;50m▄\e[48;2;254;254;254m\e[38;2;253;253;253m▄\e[48;2;254;254;254m\e[38;2;255;255;255m▄\e[48;2;243;243;243m\e[38;2;159;159;159m▄\e[48;2;0;0;0m \e[48;2;249;249;249m\e[38;2;250;250;250m▄\e[48;2;254;254;254m \e[48;2;253;253;253m\e[38;2;255;255;255m▄\e[48;2;0;0;0m \e[48;2;130;130;130m \e[48;2;255;255;255m \e[48;2;254;254;254m \e[48;2;254;254;254m\e[38;2;249;249;249m▄\e[48;2;253;253;253m\e[38;2;248;248;248m▄\e[48;2;253;253;253m\e[38;2;254;254;254m▄\e[48;2;253;253;253m\e[38;2;254;254;254m▄\e[48;2;251;251;251m\e[38;2;252;252;252m▄\e[48;2;139;139;139m\e[38;2;253;253;253m▄\e[48;2;0;0;0m\e[38;2;64;64;64m▄\e[48;2;0;0;0m \e[48;2;243;243;243m\e[38;2;245;245;245m▄\e[48;2;254;254;254m\e[38;2;255;255;255m▄\e[48;2;253;253;253m \e[48;2;0;0;0m \e[48;2;0;0;0m \e[48;2;0;0;0m \e[48;2;0;0;0m \e[48;2;204;204;204m\e[38;2;252;252;252m▄\e[48;2;252;252;252m\e[38;2;254;254;254m▄\e[48;2;253;253;253m\e[38;2;237;237;237m▄\e[48;2;254;254;254m \e[48;2;240;240;240m\e[38;2;254;254;254m▄\e[48;2;0;0;0m\e[38;2;115;115;115m▄\e[48;2;0;0;0m \e[48;2;0;0;0m \e[48;2;0;0;0m \e[48;2;0;0;0m \e[0m
\e[48;2;0;0;0m \e[48;2;96;139;39m\e[38;2;145;217;47m▄\e[48;2;142;218;41m\e[38;2;142;217;39m▄\e[48;2;146;216;47m\e[38;2;56;92;17m▄\e[48;2;0;0;0m\e[38;2;21;42;0m▄\e[48;2;65;97;19m\e[38;2;148;223;45m▄\e[48;2;151;219;48m\e[38;2;146;217;44m▄\e[48;2;143;216;47m\e[38;2;0;64;0m▄\e[48;2;98;146;28m\e[38;2;0;0;0m▄\e[48;2;99;143;36m\e[38;2;143;209;48m▄\e[48;2;67;97;24m\e[38;2;144;222;40m▄\e[48;2;0;0;0m\e[38;2;77;115;26m▄\e[48;2;0;42;0m\e[38;2;42;85;21m▄\e[48;2;142;207;48m\e[38;2;140;207;46m▄\e[48;2;148;219;39m\e[38;2;145;219;43m▄\e[48;2;68;104;24m\e[38;2;63;98;20m▄\e[48;2;0;0;0m \e[48;2;95;144;33m\e[38;2;116;168;42m▄\e[48;2;142;218;38m\e[38;2;143;218;35m▄\e[48;2;143;218;39m\e[38;2;141;218;39m▄\e[48;2;143;218;39m\e[38;2;143;217;40m▄\e[48;2;144;217;39m\e[38;2;143;217;39m▄\e[48;2;142;217;40m \e[48;2;80;112;32m \e[48;2;0;0;0m \e[48;2;0;0;0m \e[48;2;61;61;61m \e[48;2;255;255;255m \e[48;2;255;255;255m \e[48;2;198;198;198m\e[38;2;200;200;200m▄\e[48;2;0;0;0m \e[48;2;0;0;0m \e[48;2;0;0;0m \e[48;2;216;216;216m\e[38;2;125;125;125m▄\e[48;2;254;254;254m \e[48;2;255;255;255m \e[48;2;97;97;97m\e[38;2;149;149;149m▄\e[48;2;102;102;102m\e[38;2;0;0;0m▄\e[48;2;254;254;254m\e[38;2;247;247;247m▄\e[48;2;254;254;254m \e[48;2;230;230;230m\e[38;2;251;251;251m▄\e[48;2;0;0;0m \e[48;2;0;0;0m \e[48;2;210;210;210m\e[38;2;248;248;248m▄\e[48;2;254;254;254m \e[48;2;255;255;255m\e[38;2;240;240;240m▄\e[48;2;79;79;79m\e[38;2;0;0;0m▄\e[48;2;0;0;0m \e[48;2;250;250;250m \e[48;2;254;254;254m \e[48;2;255;255;255m \e[48;2;0;0;0m \e[48;2;130;130;130m \e[48;2;255;255;255m \e[48;2;254;254;254m \e[48;2;167;167;167m \e[48;2;0;0;0m \e[48;2;0;0;0m \e[48;2;159;159;159m\e[38;2;0;0;0m▄\e[48;2;254;254;254m\e[38;2;250;250;250m▄\e[48;2;255;255;255m \e[48;2;210;210;210m\e[38;2;248;248;248m▄\e[48;2;0;0;0m \e[48;2;245;245;245m \e[48;2;255;255;255m \e[48;2;253;253;253m \e[48;2;0;0;0m \e[48;2;0;0;0m \e[48;2;0;0;0m \e[48;2;138;138;138m\e[38;2;227;227;227m▄\e[48;2;254;254;254m\e[38;2;252;252;252m▄\e[48;2;254;254;254m\e[38;2;248;248;248m▄\e[48;2;33;33;33m\e[38;2;0;0;0m▄\e[48;2;254;254;254m\e[38;2;209;209;209m▄\e[48;2;252;252;252m\e[38;2;254;254;254m▄\e[48;2;187;187;187m\e[38;2;254;254;254m▄\e[48;2;0;0;0m \e[48;2;0;0;0m \e[48;2;0;0;0m \e[48;2;0;0;0m \e[0m
\e[48;2;0;0;0m \e[48;2;75;113;27m\e[38;2;0;0;0m▄\e[48;2;142;218;43m\e[38;2;130;191;51m▄\e[48;2;152;223;52m\e[38;2;143;216;40m▄\e[48;2;0;0;0m\e[38;2;90;128;29m▄\e[48;2;121;175;43m\e[38;2;0;0;0m▄\e[48;2;140;220;36m\e[38;2;150;218;46m▄\e[48;2;59;98;20m\e[38;2;155;228;62m▄\e[48;2;0;0;0m \e[48;2;140;211;44m\e[38;2;141;210;48m▄\e[48;2;142;218;38m\e[38;2;140;218;39m▄\e[48;2;140;205;42m\e[38;2;142;220;38m▄\e[48;2;144;222;42m\e[38;2;145;221;43m▄\e[48;2;140;218;39m\e[38;2;35;62;9m▄\e[48;2;70;108;25m\e[38;2;0;0;0m▄\e[48;2;0;0;0m\e[38;2;140;205;52m▄\e[48;2;105;161;41m\e[38;2;142;216;40m▄\e[48;2;146;217;36m\e[38;2;150;220;46m▄\e[48;2;147;219;43m\e[38;2;22;44;0m▄\e[48;2;148;220;40m\e[38;2;0;0;0m▄\e[48;2;141;219;34m\e[38;2;113;163;42m▄\e[48;2;144;218;40m\e[38;2;143;217;38m▄\e[48;2;142;217;40m \e[48;2;80;112;32m \e[48;2;0;0;0m \e[48;2;0;0;0m \e[48;2;61;61;61m \e[48;2;255;255;255m \e[48;2;255;255;255m \e[48;2;200;200;200m \e[48;2;0;0;0m \e[48;2;0;0;0m \e[48;2;0;0;0m \e[48;2;88;88;88m\e[38;2;85;85;85m▄\e[48;2;254;254;254m\e[38;2;255;255;255m▄\e[48;2;255;255;255m \e[48;2;169;169;169m \e[48;2;0;0;0m \e[48;2;192;192;192m\e[38;2;68;68;68m▄\e[48;2;254;254;254m \e[48;2;255;255;255m \e[48;2;92;92;92m\e[38;2;185;185;185m▄\e[48;2;42;42;42m\e[38;2;164;164;164m▄\e[48;2;254;254;254m \e[48;2;254;254;254m \e[48;2;185;185;185m\e[38;2;36;36;36m▄\e[48;2;0;0;0m \e[48;2;0;0;0m \e[48;2;250;250;250m \e[48;2;254;254;254m \e[48;2;255;255;255m \e[48;2;0;0;0m \e[48;2;130;130;130m \e[48;2;255;255;255m \e[48;2;255;255;255m \e[48;2;167;167;167m \e[48;2;0;0;0m \e[48;2;0;0;0m \e[48;2;0;0;0m \e[48;2;243;243;243m\e[38;2;250;250;250m▄\e[48;2;255;255;255m \e[48;2;252;252;252m\e[38;2;249;249;249m▄\e[48;2;0;0;0m \e[48;2;245;245;245m \e[48;2;255;255;255m \e[48;2;253;253;253m \e[48;2;0;0;0m \e[48;2;0;0;0m \e[48;2;93;93;93m\e[38;2;148;148;148m▄\e[48;2;253;253;253m\e[38;2;254;254;254m▄\e[48;2;253;253;253m \e[48;2;116;116;116m\e[38;2;60;60;60m▄\e[48;2;0;0;0m\e[38;2;255;255;255m▄\e[48;2;129;129;129m\e[38;2;255;255;255m▄\e[48;2;253;253;253m\e[38;2;251;251;251m▄\e[48;2;253;253;253m \e[48;2;107;107;107m\e[38;2;241;241;241m▄\e[48;2;0;0;0m \e[48;2;0;0;0m \e[48;2;0;0;0m \e[0m
\e[48;2;0;0;0m \e[48;2;0;0;0m \e[48;2;0;0;0m \e[48;2;146;217;49m\e[38;2;10;39;0m▄\e[48;2;141;220;38m\e[38;2;148;215;53m▄\e[48;2;74;110;23m\e[38;2;145;219;41m▄\e[48;2;18;35;0m\e[38;2;84;126;29m▄\e[48;2;144;214;45m\e[38;2;0;0;0m▄\e[48;2;151;222;44m\e[38;2;60;96;22m▄\e[48;2;101;146;30m\e[38;2;104;153;36m▄\e[48;2;136;192;51m\e[38;2;94;144;33m▄\e[48;2;72;110;29m\e[38;2;109;162;38m▄\e[48;2;0;0;0m\e[38;2;145;221;49m▄\e[48;2;70;111;26m\e[38;2;144;216;39m▄\e[48;2;148;222;49m\e[38;2;135;201;44m▄\e[48;2;143;217;38m\e[38;2;54;88;16m▄\e[48;2;128;184;47m\e[38;2;0;0;0m▄\e[48;2;0;0;0m \e[48;2;0;0;0m\e[38;2;12;42;0m▄\e[48;2;0;0;0m\e[38;2;115;173;42m▄\e[48;2;46;75;12m\e[38;2;145;218;39m▄\e[48;2;140;210;41m\e[38;2;144;217;38m▄\e[48;2;140;216;38m\e[38;2;140;217;37m▄\e[48;2;80;112;16m\e[38;2;80;112;32m▄\e[48;2;0;0;0m \e[48;2;0;0;0m \e[48;2;61;61;61m \e[48;2;255;255;255m \e[48;2;255;255;255m \e[48;2;200;200;200m \e[48;2;0;0;0m \e[48;2;0;0;0m \e[48;2;0;0;0m \e[48;2;85;85;85m \e[48;2;255;255;255m \e[48;2;255;255;255m \e[48;2;169;169;169m \e[48;2;0;0;0m \e[48;2;0;0;0m \e[48;2;249;249;249m\e[38;2;203;203;203m▄\e[48;2;254;254;254m \e[48;2;236;236;236m\e[38;2;254;254;254m▄\e[48;2;232;232;232m\e[38;2;254;254;254m▄\e[48;2;255;255;255m\e[38;2;253;253;253m▄\e[48;2;247;247;247m\e[38;2;176;176;176m▄\e[48;2;0;0;0m \e[48;2;0;0;0m \e[48;2;0;0;0m \e[48;2;250;250;250m \e[48;2;254;254;254m \e[48;2;255;255;255m \e[48;2;0;0;0m \e[48;2;130;130;130m \e[48;2;255;255;255m \e[48;2;254;254;254m \e[48;2;167;167;167m\e[38;2;243;243;243m▄\e[48;2;0;0;0m\e[38;2;243;243;243m▄\e[48;2;0;0;0m\e[38;2;251;251;251m▄\e[48;2;155;155;155m\e[38;2;255;255;255m▄\e[48;2;254;254;254m\e[38;2;255;255;255m▄\e[48;2;255;255;255m\e[38;2;254;254;254m▄\e[48;2;213;213;213m\e[38;2;128;128;128m▄\e[48;2;0;0;0m \e[48;2;245;245;245m \e[48;2;255;255;255m \e[48;2;253;253;253m \e[48;2;0;0;0m \e[48;2;0;0;0m\e[38;2;82;82;82m▄\e[48;2;253;253;253m\e[38;2;255;255;255m▄\e[48;2;255;255;255m\e[38;2;254;254;254m▄\e[48;2;253;253;253m\e[38;2;196;196;196m▄\e[48;2;253;253;253m\e[38;2;163;163;163m▄\e[48;2;255;255;255m\e[38;2;169;169;169m▄\e[48;2;252;252;252m\e[38;2;166;166;166m▄\e[48;2;253;253;253m\e[38;2;182;182;182m▄\e[48;2;255;255;255m\e[38;2;254;254;254m▄\e[48;2;255;255;255m\e[38;2;254;254;254m▄\e[48;2;66;66;66m\e[38;2;193;193;193m▄\e[48;2;0;0;0m \e[48;2;0;0;0m \e[0m
\e[48;2;0;0;0m \e[48;2;0;0;0m \e[48;2;0;0;0m \e[48;2;0;0;0m \e[48;2;0;85;0m\e[38;2;0;0;0m▄\e[48;2;109;161;39m\e[38;2;0;0;0m▄\e[48;2;144;218;36m\e[38;2;0;0;0m▄\e[48;2;143;214;43m\e[38;2;84;123;27m▄\e[48;2;98;142;31m\e[38;2;147;215;46m▄\e[48;2;139;199;51m\e[38;2;51;82;9m▄\e[48;2;147;213;48m\e[38;2;51;85;17m▄\e[48;2;122;181;42m\e[38;2;85;119;34m▄\e[48;2;79;119;28m\e[38;2;42;72;9m▄\e[48;2;57;92;21m\e[38;2;98;148;34m▄\e[48;2;0;0;0m\e[38;2;154;223;57m▄\e[48;2;0;0;0m\e[38;2;141;218;40m▄\e[48;2;51;83;14m\e[38;2;144;219;37m▄\e[48;2;139;202;51m\e[38;2;140;218;39m▄\e[48;2;142;219;39m\e[38;2;143;217;40m▄\e[48;2;143;218;39m \e[48;2;143;218;39m \e[48;2;143;218;39m \e[48;2;143;216;40m \e[48;2;80;112;32m \e[48;2;0;0;0m \e[48;2;0;0;0m \e[48;2;61;61;61m\e[38;2;0;0;0m▄\e[48;2;254;254;254m\e[38;2;0;0;0m▄\e[48;2;254;254;254m\e[38;2;0;0;0m▄\e[48;2;198;198;198m\e[38;2;0;0;0m▄\e[48;2;0;0;0m \e[48;2;0;0;0m \e[48;2;0;0;0m \e[48;2;85;85;85m\e[38;2;0;0;0m▄\e[48;2;253;253;253m\e[38;2;0;0;0m▄\e[48;2;254;254;254m\e[38;2;0;0;0m▄\e[48;2;168;168;168m\e[38;2;0;0;0m▄\e[48;2;0;0;0m \e[48;2;0;0;0m \e[48;2;46;46;46m\e[38;2;0;0;0m▄\e[48;2;252;252;252m\e[38;2;0;0;0m▄\e[48;2;254;254;254m\e[38;2;0;0;0m▄\e[48;2;254;254;254m\e[38;2;0;0;0m▄\e[48;2;254;254;254m\e[38;2;0;0;0m▄\e[48;2;44;44;44m\e[38;2;0;0;0m▄\e[48;2;0;0;0m \e[48;2;0;0;0m \e[48;2;0;0;0m \e[48;2;250;250;250m\e[38;2;0;0;0m▄\e[48;2;254;254;254m\e[38;2;0;0;0m▄\e[48;2;255;255;255m\e[38;2;0;0;0m▄\e[48;2;0;0;0m \e[48;2;130;130;130m\e[38;2;0;0;0m▄\e[48;2;254;254;254m\e[38;2;0;0;0m▄\e[48;2;254;254;254m\e[38;2;0;0;0m▄\e[48;2;254;254;254m\e[38;2;0;0;0m▄\e[48;2;254;254;254m\e[38;2;0;0;0m▄\e[48;2;254;254;254m\e[38;2;0;0;0m▄\e[48;2;253;253;253m\e[38;2;0;0;0m▄\e[48;2;254;254;254m\e[38;2;0;0;0m▄\e[48;2;140;140;140m\e[38;2;0;0;0m▄\e[48;2;0;0;0m \e[48;2;0;0;0m \e[48;2;243;243;243m\e[38;2;0;0;0m▄\e[48;2;255;255;255m\e[38;2;0;0;0m▄\e[48;2;253;253;253m\e[38;2;0;0;0m▄\e[48;2;0;0;0m \e[48;2;234;234;234m\e[38;2;0;0;0m▄\e[48;2;254;254;254m\e[38;2;0;0;0m▄\e[48;2;253;253;253m\e[38;2;0;0;0m▄\e[48;2;0;0;0m \e[48;2;0;0;0m \e[48;2;0;0;0m \e[48;2;0;0;0m \e[48;2;0;0;0m \e[48;2;250;250;250m\e[38;2;0;0;0m▄\e[48;2;253;253;253m\e[38;2;0;0;0m▄\e[48;2;252;252;252m\e[38;2;0;0;0m▄\e[48;2;0;0;0m \e[48;2;0;0;0m \e[0m
\e[48;2;0;0;0m \e[48;2;0;0;0m \e[48;2;0;0;0m \e[48;2;0;0;0m \e[48;2;0;0;0m \e[48;2;0;0;0m \e[48;2;0;0;0m \e[48;2;0;0;0m \e[48;2;0;0;0m \e[48;2;140;211;45m\e[38;2;108;155;45m▄\e[48;2;141;218;36m\e[38;2;115;169;43m▄\e[48;2;141;215;37m\e[38;2;115;169;40m▄\e[48;2;141;218;40m\e[38;2;115;169;41m▄\e[48;2;140;219;38m\e[38;2;115;169;41m▄\e[48;2;140;219;37m\e[38;2;115;169;41m▄\e[48;2;139;218;40m\e[38;2;115;169;41m▄\e[48;2;143;218;37m\e[38;2;115;169;41m▄\e[48;2;141;218;41m\e[38;2;115;169;41m▄\e[48;2;142;218;39m\e[38;2;115;169;41m▄\e[48;2;142;218;39m\e[38;2;115;169;41m▄\e[48;2;142;218;39m\e[38;2;115;169;41m▄\e[48;2;144;216;38m\e[38;2;113;169;38m▄\e[48;2;141;217;41m\e[38;2;113;169;35m▄\e[48;2;80;112;32m\e[38;2;46;93;23m▄\e[48;2;0;0;0m \e[48;2;0;0;0m \e[48;2;0;0;0m \e[48;2;0;0;0m \e[48;2;0;0;0m \e[48;2;0;0;0m \e[48;2;0;0;0m \e[48;2;0;0;0m \e[48;2;0;0;0m \e[48;2;0;0;0m \e[48;2;0;0;0m \e[48;2;0;0;0m \e[48;2;0;0;0m \e[48;2;0;0;0m \e[48;2;0;0;0m \e[48;2;0;0;0m \e[48;2;0;0;0m \e[48;2;0;0;0m \e[48;2;0;0;0m \e[48;2;0;0;0m \e[48;2;0;0;0m \e[48;2;0;0;0m \e[48;2;0;0;0m \e[48;2;0;0;0m \e[48;2;0;0;0m \e[48;2;0;0;0m \e[48;2;0;0;0m \e[48;2;0;0;0m \e[48;2;0;0;0m \e[48;2;0;0;0m \e[48;2;0;0;0m \e[48;2;0;0;0m \e[48;2;0;0;0m \e[48;2;0;0;0m \e[48;2;0;0;0m \e[48;2;0;0;0m \e[48;2;0;0;0m \e[48;2;0;0;0m \e[48;2;0;0;0m \e[48;2;0;0;0m \e[48;2;0;0;0m \e[48;2;0;0;0m \e[48;2;0;0;0m \e[48;2;0;0;0m \e[48;2;0;0;0m \e[48;2;0;0;0m \e[48;2;0;0;0m \e[48;2;0;0;0m \e[48;2;0;0;0m \e[48;2;0;0;0m \e[48;2;0;0;0m \e[48;2;0;0;0m \e[48;2;0;0;0m \e[48;2;0;0;0m \e[48;2;0;0;0m \e[48;2;0;0;0m \e[0m
\e[48;2;0;0;0m \e[48;2;0;0;0m \e[48;2;0;0;0m \e[48;2;0;0;0m \e[48;2;0;0;0m \e[48;2;0;0;0m \e[48;2;0;0;0m \e[48;2;0;0;0m \e[48;2;0;0;0m \e[48;2;0;0;0m \e[48;2;0;0;0m \e[48;2;0;0;0m \e[48;2;0;0;0m \e[48;2;0;0;0m \e[48;2;0;0;0m \e[48;2;0;0;0m \e[48;2;0;0;0m \e[48;2;0;0;0m \e[48;2;0;0;0m \e[48;2;0;0;0m \e[48;2;0;0;0m \e[48;2;0;0;0m \e[48;2;0;0;0m \e[48;2;0;0;0m \e[48;2;0;0;0m \e[48;2;0;0;0m \e[48;2;0;0;0m \e[48;2;0;0;0m \e[48;2;0;0;0m \e[48;2;0;0;0m \e[48;2;0;0;0m \e[48;2;0;0;0m \e[48;2;0;0;0m \e[48;2;0;0;0m \e[48;2;0;0;0m \e[48;2;0;0;0m \e[48;2;0;0;0m \e[48;2;0;0;0m \e[48;2;0;0;0m \e[48;2;0;0;0m \e[48;2;0;0;0m \e[48;2;0;0;0m \e[48;2;0;0;0m \e[48;2;0;0;0m \e[48;2;0;0;0m \e[48;2;0;0;0m \e[48;2;0;0;0m \e[48;2;0;0;0m \e[48;2;0;0;0m \e[48;2;0;0;0m \e[48;2;0;0;0m \e[48;2;0;0;0m \e[48;2;0;0;0m \e[48;2;0;0;0m \e[48;2;0;0;0m \e[48;2;0;0;0m \e[48;2;0;0;0m \e[48;2;0;0;0m \e[48;2;0;0;0m \e[48;2;0;0;0m \e[48;2;0;0;0m \e[48;2;0;0;0m \e[48;2;0;0;0m \e[48;2;0;0;0m \e[48;2;0;0;0m \e[48;2;0;0;0m \e[48;2;0;0;0m \e[48;2;0;0;0m \e[48;2;0;0;0m \e[48;2;0;0;0m \e[48;2;0;0;0m \e[48;2;0;0;0m \e[48;2;0;0;0m \e[48;2;0;0;0m \e[48;2;0;0;0m \e[48;2;0;0;0m \e[48;2;0;0;0m \e[48;2;0;0;0m \e[48;2;0;0;0m \e[48;2;0;0;0m \e[0m
\e[48;2;0;0;0m \e[48;2;0;0;0m \e[48;2;0;0;0m \e[48;2;0;0;0m \e[48;2;0;0;0m \e[48;2;0;0;0m \e[48;2;0;0;0m \e[48;2;0;0;0m \e[48;2;0;0;0m \e[48;2;0;0;0m \e[48;2;0;0;0m \e[48;2;0;0;0m \e[48;2;0;0;0m \e[48;2;0;0;0m \e[48;2;0;0;0m \e[48;2;0;0;0m \e[48;2;0;0;0m \e[48;2;0;0;0m \e[48;2;0;0;0m \e[48;2;0;0;0m \e[48;2;0;0;0m \e[48;2;0;0;0m \e[48;2;0;0;0m \e[48;2;0;0;0m \e[48;2;0;0;0m \e[48;2;0;0;0m \e[48;2;0;0;0m \e[48;2;0;0;0m \e[48;2;0;0;0m \e[48;2;0;0;0m \e[48;2;0;0;0m \e[48;2;0;0;0m \e[48;2;0;0;0m \e[48;2;0;0;0m \e[48;2;0;0;0m \e[48;2;0;0;0m \e[48;2;0;0;0m \e[48;2;0;0;0m \e[48;2;0;0;0m \e[48;2;0;0;0m \e[48;2;0;0;0m \e[48;2;0;0;0m \e[48;2;0;0;0m \e[48;2;0;0;0m \e[48;2;0;0;0m \e[48;2;0;0;0m \e[48;2;0;0;0m \e[48;2;0;0;0m \e[48;2;0;0;0m \e[48;2;0;0;0m \e[48;2;0;0;0m \e[48;2;0;0;0m \e[48;2;0;0;0m \e[48;2;0;0;0m \e[48;2;0;0;0m \e[48;2;0;0;0m \e[48;2;0;0;0m \e[48;2;0;0;0m \e[48;2;0;0;0m \e[48;2;0;0;0m \e[48;2;0;0;0m \e[48;2;0;0;0m \e[48;2;0;0;0m \e[48;2;0;0;0m \e[48;2;0;0;0m \e[48;2;0;0;0m \e[48;2;0;0;0m \e[48;2;0;0;0m \e[48;2;0;0;0m \e[48;2;0;0;0m \e[48;2;0;0;0m \e[48;2;0;0;0m \e[48;2;0;0;0m \e[48;2;0;0;0m \e[48;2;0;0;0m \e[48;2;0;0;0m \e[48;2;0;0;0m \e[48;2;0;0;0m \e[48;2;0;0;0m \e[48;2;0;0;0m \e[0m
\e[48;2;0;0;0m \e[48;2;0;0;0m \e[48;2;0;0;0m \e[48;2;0;0;0m \e[48;2;0;0;0m \e[48;2;0;0;0m \e[48;2;0;0;0m \e[48;2;0;0;0m \e[48;2;0;0;0m \e[48;2;0;0;0m \e[48;2;0;0;0m \e[48;2;0;0;0m \e[48;2;0;0;0m \e[48;2;0;0;0m \e[48;2;0;0;0m \e[48;2;0;0;0m \e[48;2;0;0;0m \e[48;2;0;0;0m \e[48;2;0;0;0m \e[48;2;0;0;0m \e[48;2;0;0;0m \e[48;2;0;0;0m \e[48;2;0;0;0m \e[48;2;0;0;0m \e[48;2;0;0;0m \e[48;2;0;0;0m \e[48;2;0;0;0m \e[48;2;0;0;0m \e[48;2;0;0;0m \e[48;2;0;0;0m \e[48;2;0;0;0m \e[48;2;0;0;0m \e[48;2;0;0;0m \e[48;2;0;0;0m \e[48;2;0;0;0m \e[48;2;0;0;0m \e[48;2;0;0;0m \e[48;2;0;0;0m \e[48;2;0;0;0m \e[48;2;0;0;0m \e[48;2;0;0;0m \e[48;2;0;0;0m \e[48;2;0;0;0m \e[48;2;0;0;0m \e[48;2;0;0;0m \e[48;2;0;0;0m \e[48;2;0;0;0m \e[48;2;0;0;0m \e[48;2;0;0;0m \e[48;2;0;0;0m \e[48;2;0;0;0m \e[48;2;0;0;0m \e[48;2;0;0;0m \e[48;2;0;0;0m \e[48;2;0;0;0m \e[48;2;0;0;0m \e[48;2;0;0;0m \e[48;2;0;0;0m \e[48;2;0;0;0m \e[48;2;0;0;0m \e[48;2;0;0;0m \e[48;2;0;0;0m \e[48;2;0;0;0m \e[48;2;0;0;0m \e[48;2;0;0;0m \e[48;2;0;0;0m \e[48;2;0;0;0m \e[48;2;0;0;0m \e[48;2;0;0;0m \e[48;2;0;0;0m \e[48;2;0;0;0m \e[48;2;0;0;0m \e[48;2;0;0;0m \e[48;2;0;0;0m \e[48;2;0;0;0m \e[48;2;0;0;0m \e[48;2;0;0;0m \e[48;2;0;0;0m \e[48;2;0;0;0m \e[48;2;0;0;0m \e[0m
\e[48;2;0;0;0m \e[48;2;0;0;0m \e[48;2;0;0;0m \e[48;2;0;0;0m \e[48;2;0;0;0m \e[48;2;0;0;0m \e[48;2;0;0;0m \e[48;2;0;0;0m \e[48;2;0;0;0m \e[48;2;0;0;0m \e[48;2;0;0;0m \e[48;2;0;0;0m \e[48;2;0;0;0m \e[48;2;0;0;0m \e[48;2;0;0;0m \e[48;2;0;0;0m \e[48;2;0;0;0m \e[48;2;0;0;0m \e[48;2;0;0;0m\e[38;2;176;176;176m▄\e[48;2;0;0;0m\e[38;2;246;246;246m▄\e[48;2;20;20;20m\e[38;2;254;254;254m▄\e[48;2;24;24;24m\e[38;2;255;255;255m▄\e[48;2;0;0;0m\e[38;2;254;254;254m▄\e[48;2;0;0;0m\e[38;2;221;221;221m▄\e[48;2;0;0;0m\e[38;2;82;82;82m▄\e[48;2;0;0;0m \e[48;2;0;0;0m \e[48;2;0;0;0m \e[48;2;0;0;0m \e[48;2;0;0;0m\e[38;2;244;244;244m▄\e[48;2;0;0;0m\e[38;2;254;254;254m▄\e[48;2;0;0;0m\e[38;2;254;254;254m▄\e[48;2;0;0;0m \e[48;2;0;0;0m \e[48;2;0;0;0m \e[48;2;0;0;0m \e[48;2;0;0;0m \e[48;2;0;0;0m\e[38;2;162;162;162m▄\e[48;2;0;0;0m\e[38;2;255;255;255m▄\e[48;2;0;0;0m\e[38;2;254;254;254m▄\e[48;2;0;0;0m\e[38;2;130;130;130m▄\e[48;2;0;0;0m \e[48;2;0;0;0m \e[48;2;0;0;0m\e[38;2;60;60;60m▄\e[48;2;0;0;0m\e[38;2;254;254;254m▄\e[48;2;0;0;0m\e[38;2;255;255;255m▄\e[48;2;0;0;0m\e[38;2;255;255;255m▄\e[48;2;0;0;0m\e[38;2;255;255;255m▄\e[48;2;0;0;0m\e[38;2;255;255;255m▄\e[48;2;0;0;0m\e[38;2;255;255;255m▄\e[48;2;0;0;0m\e[38;2;247;247;247m▄\e[48;2;0;0;0m\e[38;2;221;221;221m▄\e[48;2;0;0;0m\e[38;2;34;34;34m▄\e[48;2;0;0;0m \e[48;2;0;0;0m \e[48;2;0;0;0m \e[48;2;0;0;0m \e[48;2;0;0;0m \e[48;2;0;0;0m \e[48;2;0;0;0m \e[48;2;0;0;0m \e[48;2;0;0;0m\e[38;2;221;221;221m▄\e[48;2;0;0;0m\e[38;2;255;255;255m▄\e[48;2;0;0;0m\e[38;2;253;253;253m▄\e[48;2;0;0;0m \e[48;2;0;0;0m \e[48;2;0;0;0m \e[48;2;0;0;0m \e[48;2;0;0;0m \e[48;2;0;0;0m \e[48;2;0;0;0m \e[48;2;0;0;0m \e[48;2;0;0;0m \e[48;2;0;0;0m \e[48;2;0;0;0m \e[48;2;0;0;0m \e[48;2;0;0;0m \e[48;2;0;0;0m \e[48;2;0;0;0m \e[48;2;0;0;0m \e[0m
\e[48;2;0;0;0m \e[48;2;0;0;0m \e[48;2;0;0;0m \e[48;2;0;0;0m \e[48;2;0;0;0m \e[48;2;0;0;0m \e[48;2;0;0;0m \e[48;2;0;0;0m \e[48;2;0;0;0m \e[48;2;0;0;0m \e[48;2;0;0;0m \e[48;2;0;0;0m \e[48;2;0;0;0m \e[48;2;0;0;0m \e[48;2;0;0;0m \e[48;2;0;0;0m \e[48;2;0;0;0m\e[38;2;178;178;178m▄\e[48;2;237;237;237m\e[38;2;254;254;254m▄\e[48;2;255;255;255m \e[48;2;254;254;254m\e[38;2;253;253;253m▄\e[48;2;254;254;254m\e[38;2;236;236;236m▄\e[48;2;254;254;254m\e[38;2;197;197;197m▄\e[48;2;255;255;255m\e[38;2;242;242;242m▄\e[48;2;254;254;254m\e[38;2;253;253;253m▄\e[48;2;254;254;254m \e[48;2;137;137;137m\e[38;2;253;253;253m▄\e[48;2;0;0;0m\e[38;2;85;85;85m▄\e[48;2;0;0;0m \e[48;2;0;0;0m \e[48;2;244;244;244m \e[48;2;254;254;254m\e[38;2;255;255;255m▄\e[48;2;255;255;255m \e[48;2;0;0;0m \e[48;2;0;0;0m \e[48;2;0;0;0m \e[48;2;0;0;0m \e[48;2;0;0;0m \e[48;2;161;161;161m \e[48;2;254;254;254m\e[38;2;255;255;255m▄\e[48;2;254;254;254m\e[38;2;255;255;255m▄\e[48;2;129;129;129m \e[48;2;0;0;0m \e[48;2;0;0;0m \e[48;2;55;55;55m \e[48;2;254;254;254m \e[48;2;255;255;255m \e[48;2;254;254;254m\e[38;2;250;250;250m▄\e[48;2;255;255;255m\e[38;2;246;246;246m▄\e[48;2;255;255;255m\e[38;2;246;246;246m▄\e[48;2;255;255;255m\e[38;2;233;233;233m▄\e[48;2;254;254;254m\e[38;2;253;253;253m▄\e[48;2;255;255;255m \e[48;2;253;253;253m\e[38;2;254;254;254m▄\e[48;2;113;113;113m\e[38;2;253;253;253m▄\e[48;2;0;0;0m\e[38;2;93;93;93m▄\e[48;2;0;0;0m \e[48;2;0;0;0m \e[48;2;0;0;0m \e[48;2;0;0;0m \e[48;2;0;0;0m \e[48;2;85;85;85m\e[38;2;134;134;134m▄\e[48;2;254;254;254m \e[48;2;254;254;254m\e[38;2;255;255;255m▄\e[48;2;254;254;254m\e[38;2;253;253;253m▄\e[48;2;93;93;93m\e[38;2;236;236;236m▄\e[48;2;0;0;0m \e[48;2;0;0;0m \e[48;2;0;0;0m \e[48;2;0;0;0m \e[48;2;0;0;0m \e[48;2;0;0;0m \e[48;2;0;0;0m \e[48;2;0;0;0m \e[48;2;0;0;0m \e[48;2;0;0;0m \e[48;2;0;0;0m \e[48;2;0;0;0m \e[48;2;0;0;0m \e[48;2;0;0;0m \e[48;2;0;0;0m \e[0m
\e[48;2;0;0;0m \e[48;2;0;0;0m \e[48;2;0;0;0m \e[48;2;0;0;0m \e[48;2;0;0;0m \e[48;2;0;0;0m \e[48;2;0;0;0m \e[48;2;0;0;0m \e[48;2;0;0;0m \e[48;2;0;0;0m \e[48;2;0;0;0m \e[48;2;0;0;0m \e[48;2;0;0;0m \e[48;2;0;0;0m \e[48;2;0;0;0m \e[48;2;0;0;0m \e[48;2;254;254;254m \e[48;2;253;253;253m\e[38;2;255;255;255m▄\e[48;2;255;255;255m\e[38;2;248;248;248m▄\e[48;2;93;93;93m\e[38;2;0;0;0m▄\e[48;2;0;0;0m \e[48;2;0;0;0m \e[48;2;0;0;0m \e[48;2;229;229;229m\e[38;2;59;59;59m▄\e[48;2;254;254;254m\e[38;2;232;232;232m▄\e[48;2;254;254;254m\e[38;2;233;233;233m▄\e[48;2;179;179;179m\e[38;2;231;231;231m▄\e[48;2;0;0;0m \e[48;2;0;0;0m \e[48;2;244;244;244m \e[48;2;255;255;255m \e[48;2;255;255;255m \e[48;2;0;0;0m \e[48;2;0;0;0m \e[48;2;0;0;0m \e[48;2;0;0;0m \e[48;2;0;0;0m \e[48;2;161;161;161m \e[48;2;255;255;255m \e[48;2;255;255;255m \e[48;2;129;129;129m \e[48;2;0;0;0m \e[48;2;0;0;0m \e[48;2;55;55;55m \e[48;2;254;254;254m \e[48;2;255;255;255m \e[48;2;220;220;220m\e[38;2;221;221;221m▄\e[48;2;0;0;0m \e[48;2;0;0;0m \e[48;2;0;0;0m \e[48;2;61;61;61m\e[38;2;0;0;0m▄\e[48;2;249;249;249m\e[38;2;110;110;110m▄\e[48;2;254;254;254m \e[48;2;253;253;253m\e[38;2;254;254;254m▄\e[48;2;149;149;149m\e[38;2;217;217;217m▄\e[48;2;0;0;0m \e[48;2;0;0;0m \e[48;2;0;0;0m \e[48;2;0;0;0m \e[48;2;0;0;0m\e[38;2;23;23;23m▄\e[48;2;253;253;253m \e[48;2;254;254;254m \e[48;2;255;255;255m\e[38;2;246;246;246m▄\e[48;2;255;255;255m \e[48;2;254;254;254m\e[38;2;253;253;253m▄\e[48;2;43;43;43m\e[38;2;163;163;163m▄\e[48;2;0;0;0m \e[48;2;0;0;0m \e[48;2;0;0;0m \e[48;2;0;0;0m \e[48;2;0;0;0m \e[48;2;0;0;0m \e[48;2;0;0;0m \e[48;2;0;0;0m \e[48;2;0;0;0m \e[48;2;0;0;0m \e[48;2;0;0;0m \e[48;2;0;0;0m \e[48;2;0;0;0m \e[48;2;0;0;0m \e[0m
\e[48;2;0;0;0m \e[48;2;0;0;0m \e[48;2;0;0;0m \e[48;2;0;0;0m \e[48;2;0;0;0m \e[48;2;0;0;0m \e[48;2;0;0;0m \e[48;2;0;0;0m \e[48;2;0;0;0m \e[48;2;0;0;0m \e[48;2;0;0;0m \e[48;2;0;0;0m \e[48;2;0;0;0m \e[48;2;0;0;0m \e[48;2;0;0;0m \e[48;2;48;48;48m\e[38;2;69;69;69m▄\e[48;2;254;254;254m\e[38;2;255;255;255m▄\e[48;2;254;254;254m\e[38;2;255;255;255m▄\e[48;2;215;215;215m\e[38;2;200;200;200m▄\e[48;2;0;0;0m \e[48;2;0;0;0m \e[48;2;0;0;0m \e[48;2;0;0;0m \e[48;2;0;0;0m \e[48;2;0;0;0m \e[48;2;0;0;0m \e[48;2;0;0;0m \e[48;2;0;0;0m \e[48;2;0;0;0m \e[48;2;244;244;244m \e[48;2;255;255;255m \e[48;2;255;255;255m \e[48;2;0;0;0m \e[48;2;0;0;0m \e[48;2;0;0;0m \e[48;2;0;0;0m \e[48;2;0;0;0m \e[48;2;161;161;161m \e[48;2;255;255;255m \e[48;2;255;255;255m \e[48;2;129;129;129m \e[48;2;0;0;0m \e[48;2;0;0;0m \e[48;2;55;55;55m \e[48;2;254;254;254m \e[48;2;255;255;255m \e[48;2;221;221;221m \e[48;2;0;0;0m \e[48;2;0;0;0m \e[48;2;0;0;0m \e[48;2;0;0;0m \e[48;2;34;34;34m\e[38;2;17;17;17m▄\e[48;2;254;254;254m\e[38;2;255;255;255m▄\e[48;2;255;255;255m \e[48;2;241;241;241m \e[48;2;0;0;0m \e[48;2;0;0;0m \e[48;2;0;0;0m \e[48;2;0;0;0m \e[48;2;182;182;182m\e[38;2;250;250;250m▄\e[48;2;255;255;255m\e[38;2;254;254;254m▄\e[48;2;254;254;254m\e[38;2;253;253;253m▄\e[48;2;144;144;144m\e[38;2;28;28;28m▄\e[48;2;250;250;250m\e[38;2;223;223;223m▄\e[48;2;254;254;254m \e[48;2;242;242;242m\e[38;2;253;253;253m▄\e[48;2;0;0;0m\e[38;2;93;93;93m▄\e[48;2;0;0;0m \e[48;2;0;0;0m \e[48;2;0;0;0m \e[48;2;0;0;0m \e[48;2;0;0;0m \e[48;2;0;0;0m \e[48;2;0;0;0m \e[48;2;0;0;0m \e[48;2;0;0;0m \e[48;2;0;0;0m \e[48;2;0;0;0m \e[48;2;0;0;0m \e[48;2;0;0;0m \e[0m
\e[48;2;0;0;0m \e[48;2;0;0;0m \e[48;2;0;0;0m \e[48;2;0;0;0m \e[48;2;0;0;0m \e[48;2;0;0;0m \e[48;2;0;0;0m \e[48;2;0;0;0m \e[48;2;0;0;0m \e[48;2;0;0;0m \e[48;2;0;0;0m \e[48;2;0;0;0m \e[48;2;0;0;0m \e[48;2;0;0;0m \e[48;2;0;0;0m \e[48;2;106;106;106m\e[38;2;87;87;87m▄\e[48;2;255;255;255m \e[48;2;255;255;255m \e[48;2;201;201;201m \e[48;2;0;0;0m \e[48;2;0;0;0m \e[48;2;0;0;0m \e[48;2;0;0;0m \e[48;2;0;0;0m \e[48;2;0;0;0m \e[48;2;0;0;0m \e[48;2;0;0;0m \e[48;2;0;0;0m \e[48;2;0;0;0m \e[48;2;244;244;244m \e[48;2;255;255;255m \e[48;2;255;255;255m \e[48;2;0;0;0m \e[48;2;0;0;0m \e[48;2;0;0;0m \e[48;2;0;0;0m \e[48;2;0;0;0m \e[48;2;161;161;161m \e[48;2;255;255;255m \e[48;2;255;255;255m \e[48;2;129;129;129m \e[48;2;0;0;0m \e[48;2;0;0;0m \e[48;2;55;55;55m \e[48;2;254;254;254m \e[48;2;255;255;255m \e[48;2;221;221;221m \e[48;2;0;0;0m \e[48;2;0;0;0m \e[48;2;0;0;0m \e[48;2;0;0;0m \e[48;2;17;17;17m \e[48;2;255;255;255m \e[48;2;255;255;255m \e[48;2;240;240;240m\e[38;2;241;241;241m▄\e[48;2;0;0;0m \e[48;2;0;0;0m \e[48;2;0;0;0m \e[48;2;90;90;90m\e[38;2;201;201;201m▄\e[48;2;254;254;254m \e[48;2;255;255;255m\e[38;2;254;254;254m▄\e[48;2;215;215;215m\e[38;2;126;126;126m▄\e[48;2;0;0;0m \e[48;2;81;81;81m\e[38;2;0;0;0m▄\e[48;2;254;254;254m \e[48;2;254;254;254m \e[48;2;181;181;181m\e[38;2;253;253;253m▄\e[48;2;0;0;0m \e[48;2;0;0;0m \e[48;2;0;0;0m \e[48;2;0;0;0m \e[48;2;0;0;0m \e[48;2;0;0;0m \e[48;2;0;0;0m \e[48;2;0;0;0m \e[48;2;0;0;0m \e[48;2;0;0;0m \e[48;2;0;0;0m \e[48;2;0;0;0m \e[48;2;0;0;0m \e[0m
\e[48;2;0;0;0m \e[48;2;0;0;0m \e[48;2;0;0;0m \e[48;2;0;0;0m \e[48;2;0;0;0m \e[48;2;0;0;0m \e[48;2;0;0;0m \e[48;2;0;0;0m \e[48;2;0;0;0m \e[48;2;0;0;0m \e[48;2;0;0;0m \e[48;2;0;0;0m \e[48;2;0;0;0m \e[48;2;0;0;0m \e[48;2;0;0;0m \e[48;2;57;57;57m\e[38;2;23;23;23m▄\e[48;2;254;254;254m\e[38;2;253;253;253m▄\e[48;2;254;254;254m \e[48;2;217;217;217m\e[38;2;239;239;239m▄\e[48;2;0;0;0m \e[48;2;0;0;0m \e[48;2;0;0;0m \e[48;2;0;0;0m \e[48;2;0;0;0m \e[48;2;0;0;0m\e[38;2;165;165;165m▄\e[48;2;0;0;0m\e[38;2;164;164;164m▄\e[48;2;0;0;0m\e[38;2;165;165;165m▄\e[48;2;0;0;0m \e[48;2;0;0;0m \e[48;2;244;244;244m\e[38;2;240;240;240m▄\e[48;2;255;255;255m\e[38;2;254;254;254m▄\e[48;2;255;255;255m\e[38;2;253;253;253m▄\e[48;2;0;0;0m\e[38;2;44;44;44m▄\e[48;2;0;0;0m \e[48;2;0;0;0m \e[48;2;0;0;0m \e[48;2;0;0;0m \e[48;2;161;161;161m\e[38;2;175;175;175m▄\e[48;2;255;255;255m \e[48;2;255;255;255m\e[38;2;254;254;254m▄\e[48;2;129;129;129m\e[38;2;99;99;99m▄\e[48;2;0;0;0m \e[48;2;0;0;0m \e[48;2;55;55;55m \e[48;2;254;254;254m \e[48;2;255;255;255m \e[48;2;221;221;221m \e[48;2;0;0;0m \e[48;2;0;0;0m \e[48;2;0;0;0m \e[48;2;0;0;0m \e[48;2;32;32;32m\e[38;2;98;98;98m▄\e[48;2;255;255;255m\e[38;2;254;254;254m▄\e[48;2;255;255;255m \e[48;2;241;241;241m\e[38;2;223;223;223m▄\e[48;2;0;0;0m \e[48;2;0;0;0m \e[48;2;0;0;0m\e[38;2;154;154;154m▄\e[48;2;254;254;254m\e[38;2;255;255;255m▄\e[48;2;254;254;254m\e[38;2;255;255;255m▄\e[48;2;253;253;253m\e[38;2;255;255;255m▄\e[48;2;0;0;0m\e[38;2;254;254;254m▄\e[48;2;0;0;0m\e[38;2;254;254;254m▄\e[48;2;0;0;0m\e[38;2;254;254;254m▄\e[48;2;198;198;198m\e[38;2;254;254;254m▄\e[48;2;254;254;254m \e[48;2;254;254;254m \e[48;2;177;177;177m\e[38;2;220;220;220m▄\e[48;2;0;0;0m \e[48;2;0;0;0m \e[48;2;0;0;0m \e[48;2;0;0;0m \e[48;2;0;0;0m \e[48;2;0;0;0m \e[48;2;0;0;0m \e[48;2;0;0;0m \e[48;2;0;0;0m \e[48;2;0;0;0m \e[48;2;0;0;0m \e[48;2;0;0;0m \e[0m
\e[48;2;0;0;0m \e[48;2;0;0;0m \e[48;2;0;0;0m \e[48;2;0;0;0m \e[48;2;0;0;0m \e[48;2;0;0;0m \e[48;2;0;0;0m \e[48;2;0;0;0m \e[48;2;0;0;0m \e[48;2;0;0;0m \e[48;2;0;0;0m \e[48;2;0;0;0m \e[48;2;0;0;0m \e[48;2;0;0;0m \e[48;2;0;0;0m \e[48;2;0;0;0m \e[48;2;253;253;253m\e[38;2;235;235;235m▄\e[48;2;253;253;253m\e[38;2;255;255;255m▄\e[48;2;255;255;255m \e[48;2;113;113;113m\e[38;2;251;251;251m▄\e[48;2;0;0;0m\e[38;2;131;131;131m▄\e[48;2;0;0;0m\e[38;2;110;110;110m▄\e[48;2;0;0;0m\e[38;2;209;209;209m▄\e[48;2;186;186;186m\e[38;2;251;251;251m▄\e[48;2;255;255;255m \e[48;2;255;255;255m\e[38;2;253;253;253m▄\e[48;2;198;198;198m\e[38;2;111;111;111m▄\e[48;2;0;0;0m \e[48;2;0;0;0m \e[48;2;179;179;179m\e[38;2;104;104;104m▄\e[48;2;254;254;254m \e[48;2;254;254;254m\e[38;2;255;255;255m▄\e[48;2;199;199;199m\e[38;2;253;253;253m▄\e[48;2;0;0;0m\e[38;2;215;215;215m▄\e[48;2;0;0;0m\e[38;2;112;112;112m▄\e[48;2;0;0;0m\e[38;2;107;107;107m▄\e[48;2;128;128;128m\e[38;2;244;244;244m▄\e[48;2;252;252;252m\e[38;2;254;254;254m▄\e[48;2;254;254;254m \e[48;2;254;254;254m\e[38;2;252;252;252m▄\e[48;2;31;31;31m\e[38;2;0;0;0m▄\e[48;2;0;0;0m \e[48;2;0;0;0m \e[48;2;55;55;55m \e[48;2;254;254;254m \e[48;2;255;255;255m \e[48;2;220;220;220m\e[38;2;233;233;233m▄\e[48;2;0;0;0m\e[38;2;131;131;131m▄\e[48;2;0;0;0m\e[38;2;132;132;132m▄\e[48;2;0;0;0m\e[38;2;181;181;181m▄\e[48;2;0;0;0m\e[38;2;241;241;241m▄\e[48;2;240;240;240m\e[38;2;255;255;255m▄\e[48;2;255;255;255m \e[48;2;254;254;254m\e[38;2;252;252;252m▄\e[48;2;166;166;166m\e[38;2;82;82;82m▄\e[48;2;0;0;0m \e[48;2;0;0;0m\e[38;2;118;118;118m▄\e[48;2;225;225;225m\e[38;2;254;254;254m▄\e[48;2;255;255;255m \e[48;2;255;255;255m\e[38;2;254;254;254m▄\e[48;2;255;255;255m\e[38;2;149;149;149m▄\e[48;2;255;255;255m\e[38;2;152;152;152m▄\e[48;2;255;255;255m\e[38;2;152;152;152m▄\e[48;2;255;255;255m\e[38;2;152;152;152m▄\e[48;2;255;255;255m\e[38;2;150;150;150m▄\e[48;2;255;255;255m\e[38;2;222;222;222m▄\e[48;2;254;254;254m\e[38;2;253;253;253m▄\e[48;2;253;253;253m\e[38;2;255;255;255m▄\e[48;2;0;0;0m\e[38;2;109;109;109m▄\e[48;2;0;0;0m \e[48;2;0;0;0m \e[48;2;0;0;0m \e[48;2;0;0;0m \e[48;2;0;0;0m \e[48;2;0;0;0m \e[48;2;0;0;0m \e[48;2;0;0;0m \e[48;2;0;0;0m \e[48;2;0;0;0m \e[48;2;0;0;0m \e[0m
\e[48;2;0;0;0m \e[48;2;0;0;0m \e[48;2;0;0;0m \e[48;2;0;0;0m \e[48;2;0;0;0m \e[48;2;0;0;0m \e[48;2;0;0;0m \e[48;2;0;0;0m \e[48;2;0;0;0m \e[48;2;0;0;0m \e[48;2;0;0;0m \e[48;2;0;0;0m \e[48;2;0;0;0m \e[48;2;0;0;0m \e[48;2;0;0;0m \e[48;2;0;0;0m \e[48;2;77;77;77m\e[38;2;0;0;0m▄\e[48;2;252;252;252m\e[38;2;64;64;64m▄\e[48;2;254;254;254m\e[38;2;214;214;214m▄\e[48;2;254;254;254m\e[38;2;253;253;253m▄\e[48;2;254;254;254m \e[48;2;254;254;254m\e[38;2;255;255;255m▄\e[48;2;253;253;253m\e[38;2;254;254;254m▄\e[48;2;253;253;253m\e[38;2;254;254;254m▄\e[48;2;254;254;254m\e[38;2;175;175;175m▄\e[48;2;200;200;200m\e[38;2;0;0;0m▄\e[48;2;0;0;0m \e[48;2;0;0;0m \e[48;2;0;0;0m \e[48;2;0;0;0m \e[48;2;188;188;188m\e[38;2;0;0;0m▄\e[48;2;254;254;254m\e[38;2;150;150;150m▄\e[48;2;253;253;253m\e[38;2;251;251;251m▄\e[48;2;253;253;253m \e[48;2;254;254;254m\e[38;2;255;255;255m▄\e[48;2;252;252;252m\e[38;2;255;255;255m▄\e[48;2;254;254;254m \e[48;2;254;254;254m\e[38;2;225;225;225m▄\e[48;2;253;253;253m\e[38;2;92;92;92m▄\e[48;2;151;151;151m\e[38;2;0;0;0m▄\e[48;2;0;0;0m \e[48;2;0;0;0m \e[48;2;0;0;0m \e[48;2;55;55;55m \e[48;2;254;254;254m \e[48;2;255;255;255m \e[48;2;254;254;254m\e[38;2;255;255;255m▄\e[48;2;255;255;255m \e[48;2;255;255;255m \e[48;2;252;252;252m\e[38;2;254;254;254m▄\e[48;2;254;254;254m \e[48;2;255;255;255m\e[38;2;244;244;244m▄\e[48;2;254;254;254m\e[38;2;138;138;138m▄\e[48;2;193;193;193m\e[38;2;0;0;0m▄\e[48;2;0;0;0m \e[48;2;0;0;0m \e[48;2;126;126;126m\e[38;2;251;251;251m▄\e[48;2;254;254;254m \e[48;2;254;254;254m \e[48;2;217;217;217m\e[38;2;98;98;98m▄\e[48;2;0;0;0m \e[48;2;0;0;0m \e[48;2;0;0;0m \e[48;2;0;0;0m \e[48;2;0;0;0m \e[48;2;153;153;153m\e[38;2;0;0;0m▄\e[48;2;253;253;253m \e[48;2;255;255;255m \e[48;2;239;239;239m\e[38;2;253;253;253m▄\e[48;2;0;0;0m\e[38;2;57;57;57m▄\e[48;2;0;0;0m \e[48;2;0;0;0m \e[48;2;0;0;0m \e[48;2;0;0;0m \e[48;2;0;0;0m \e[48;2;0;0;0m \e[48;2;0;0;0m \e[48;2;0;0;0m \e[48;2;0;0;0m \e[48;2;0;0;0m \e[0m
\e[48;2;0;0;0m \e[48;2;0;0;0m \e[48;2;0;0;0m \e[48;2;0;0;0m \e[48;2;0;0;0m \e[48;2;0;0;0m \e[48;2;0;0;0m \e[48;2;0;0;0m \e[48;2;0;0;0m \e[48;2;0;0;0m \e[48;2;0;0;0m \e[48;2;0;0;0m \e[48;2;0;0;0m \e[48;2;0;0;0m \e[48;2;0;0;0m \e[48;2;0;0;0m \e[48;2;0;0;0m \e[48;2;0;0;0m \e[48;2;0;0;0m \e[48;2;35;35;35m\e[38;2;0;0;0m▄\e[48;2;139;139;139m\e[38;2;0;0;0m▄\e[48;2;162;162;162m\e[38;2;0;0;0m▄\e[48;2;96;96;96m\e[38;2;0;0;0m▄\e[48;2;0;0;0m \e[48;2;0;0;0m \e[48;2;0;0;0m \e[48;2;0;0;0m \e[48;2;0;0;0m \e[48;2;0;0;0m \e[48;2;0;0;0m \e[48;2;0;0;0m \e[48;2;0;0;0m \e[48;2;0;0;0m \e[48;2;99;99;99m\e[38;2;0;0;0m▄\e[48;2;162;162;162m\e[38;2;0;0;0m▄\e[48;2;146;146;146m\e[38;2;0;0;0m▄\e[48;2;46;46;46m\e[38;2;0;0;0m▄\e[48;2;0;0;0m \e[48;2;0;0;0m \e[48;2;0;0;0m \e[48;2;0;0;0m \e[48;2;0;0;0m \e[48;2;0;0;0m \e[48;2;23;23;23m\e[38;2;0;0;0m▄\e[48;2;85;85;85m\e[38;2;0;0;0m▄\e[48;2;83;83;83m\e[38;2;0;0;0m▄\e[48;2;83;83;83m\e[38;2;0;0;0m▄\e[48;2;83;83;83m\e[38;2;0;0;0m▄\e[48;2;79;79;79m\e[38;2;0;0;0m▄\e[48;2;81;81;81m\e[38;2;0;0;0m▄\e[48;2;34;34;34m\e[38;2;0;0;0m▄\e[48;2;0;0;0m \e[48;2;0;0;0m \e[48;2;0;0;0m \e[48;2;0;0;0m \e[48;2;0;0;0m \e[48;2;75;75;75m\e[38;2;0;0;0m▄\e[48;2;79;79;79m\e[38;2;0;0;0m▄\e[48;2;83;83;83m\e[38;2;0;0;0m▄\e[48;2;0;0;0m \e[48;2;0;0;0m \e[48;2;0;0;0m \e[48;2;0;0;0m \e[48;2;0;0;0m \e[48;2;0;0;0m \e[48;2;0;0;0m \e[48;2;77;77;77m\e[38;2;0;0;0m▄\e[48;2;79;79;79m\e[38;2;0;0;0m▄\e[48;2;85;85;85m\e[38;2;0;0;0m▄\e[48;2;54;54;54m\e[38;2;0;0;0m▄\e[48;2;0;0;0m \e[48;2;0;0;0m \e[48;2;0;0;0m \e[48;2;0;0;0m \e[48;2;0;0;0m \e[48;2;0;0;0m \e[48;2;0;0;0m \e[48;2;0;0;0m \e[48;2;0;0;0m \e[48;2;0;0;0m \e[0m
';

printf "\r\n"
printf "\r\n"
/usr/games/fortune
printf "\r\n"
printf "\r\n"
